    unsorted:	 494.9631506 495.4757398 494.0988142 493.6495281 493.2736989 497.4391902 501.4607581 503.1120898 488.1876973 507.1816357 517.5625891 520.6172068 538.1759201 465.9183814 569.7868328 578.8316323 594.2217240 423.3876843 632.4615216 705.8534796 714.5168725 751.8255696 780.8849460 851.4475232 879.8485329 932.8801690 1181.242881 1191.904220 1233.211632 1249.745306 1261.470393 1070.340615 1316.530720 1376.075651 1430.143090 1475.922144 270.9251765 1601.388373 1658.047471 1781.343463 1816.856029 1891.706504 1978.099963 2119.634275 112.7682793 2258.661494 2425.837853 2535.536438 2649.391206 2970.915589 3029.854853 3099.145332 3346.934590 3514.660157 3502.803492 3692.043639 3841.963106 3983.230198 3997.093584 3938.493082 4061.630079 4098.755140 4260.317161 4377.209050 4401.164742 4454.388706 4480.623956 4636.377403 4673.775944 4739.983454 4774.620367 4780.346049 4914.684757 4898.128510 4959.940868 5020.021331 5089.067659 5120.554724 5502.372224 5503.325895 5468.259542 5601.438109 5659.633184 5887.306924 5991.836839 5967.229271 6050.893031 6383.152188 6713.990996 6892.338092 8166.964134 8280.949493 9705.984405 11331.26740 11790.85273 13165.42567 13335.79384 14169.25340 15651.84119 16796.59562 18307.85761 19547.65186 21414.28512 23626.26286 30830.59114 44984.31965 43098.52805 46930.26408 52452.21604 57644.42502 58858.21246 64685.76025 72778.61857 79804.64709 87724.19753 90810.66711 99376.04938 105076.0355 109194.1725 111757.2926 121826.0383 132364.8977 143006.3414 153522.6812 162132.3719 164362.5739 174378.1922 184491.2924 195328.1230 205221.6283 208115.9864 215605.2649 226156.1022 234405.1585 242431.9552 249923.7822 258326.2070 263750.3518 269943.2118 275450.5000 279786.4491 282398.3462 285794.9079 288961.2971 291873.9177 336870.0480 352464.7661 688002.1197 304.6174200 304.6174200 304.6174200 304.6174200 304.6174200 304.6174200 304.6174200 304.6174200 304.6174200 304.6174200 448618.3819
      sorted:	 112.7682793 270.9251765 304.6174200 304.6174200 304.6174200 304.6174200 304.6174200 304.6174200 304.6174200 304.6174200 304.6174200 304.6174200 423.3876843 465.9183814 488.1876973 493.2736989 493.6495281 494.0988142 494.9631506 495.4757398 497.4391902 501.4607581 503.1120898 507.1816357 517.5625891 520.6172068 538.1759201 569.7868328 578.8316323 594.2217240 632.4615216 705.8534796 714.5168725 751.8255696 780.8849460 851.4475232 879.8485329 932.8801690 1070.340615 1181.242881 1191.904220 1233.211632 1249.745306 1261.470393 1316.530720 1376.075651 1430.143090 1475.922144 1601.388373 1658.047471 1781.343463 1816.856029 1891.706504 1978.099963 2119.634275 2258.661494 2425.837853 2535.536438 2649.391206 2970.915589 3029.854853 3099.145332 3346.934590 3502.803492 3514.660157 3692.043639 3841.963106 3938.493082 3983.230198 3997.093584 4061.630079 4098.755140 4260.317161 4377.209050 4401.164742 4454.388706 4480.623956 4636.377403 4673.775944 4739.983454 4774.620367 4780.346049 4898.128510 4914.684757 4959.940868 5020.021331 5089.067659 5120.554724 5468.259542 5502.372224 5503.325895 5601.438109 5659.633184 5887.306924 5967.229271 5991.836839 6050.893031 6383.152188 6713.990996 6892.338092 8166.964134 8280.949493 9705.984405 11331.26740 11790.85273 13165.42567 13335.79384 14169.25340 15651.84119 16796.59562 18307.85761 19547.65186 21414.28512 23626.26286 30830.59114 43098.52805 44984.31965 46930.26408 52452.21604 57644.42502 58858.21246 64685.76025 72778.61857 79804.64709 87724.19753 90810.66711 99376.04938 105076.0355 109194.1725 111757.2926 121826.0383 132364.8977 143006.3414 153522.6812 162132.3719 164362.5739 174378.1922 184491.2924 195328.1230 205221.6283 208115.9864 215605.2649 226156.1022 234405.1585 242431.9552 249923.7822 258326.2070 263750.3518 269943.2118 275450.5000 279786.4491 282398.3462 285794.9079 288961.2971 291873.9177 336870.0480 352464.7661 448618.3819 688002.1197
